GMFAIL 1,6,8,4 1,6,4,8 4,5,2,8 5,4,8,2 | 5 18 64 32 | 8 # m=7 sets=[[0,2,5,6],[1,4,5,6],[2,3,4,6],[3,4,5,6]]
GMFAIL 1,6,8,4 2,4,7,10 1,6,4,8 5,4,8,2 | 5 64 18 32 | 8 # m=7 sets=[[0,2,5,6],[1,2,3,6],[1,4,5,6],[3,4,5,6]]
GMFAIL 1,6,8,4 2,4,7,10 1,6,4,8 6,4,8,1 | 5 64 18 32 | 8 # m=7 sets=[[0,2,5,6],[1,2,3,6],[1,4,5,6],[3,4,5,6]]
GMFAIL 1,6,8,4 2,4,7,10 1,6,4,8 7,4,10,2 | 5 64 18 32 | 8 # m=7 sets=[[0,2,5,6],[1,2,3,6],[1,4,5,6],[3,4,5,6]]
GMFAIL 1,6,8,4 2,4,7,10 1,6,4,8 7,6,10,2 | 5 64 18 32 | 8 # m=7 sets=[[0,2,5,6],[1,2,3,6],[1,4,5,6],[3,4,5,6]]
GMFAIL 1,6,8,4 2,5,4,8 4,5,2,8 5,4,8,2 | 5 18 64 32 | 8 # m=7 sets=[[0,2,5,6],[1,4,5,6],[2,3,4,6],[3,4,5,6]]
GMFAIL 1,6,8,4 2,7,4,10 4,5,2,8 5,4,8,2 | 5 18 64 32 | 8 # m=7 sets=[[0,2,5,6],[1,4,5,6],[2,3,4,6],[3,4,5,6]]
GMFAIL 1,6,8,4 2,7,6,10 4,5,2,8 5,4,8,2 | 5 18 64 32 | 8 # m=7 sets=[[0,2,5,6],[1,4,5,6],[2,3,4,6],[3,4,5,6]]
GMFAIL 2,5,8,4 1,6,4,8 4,5,2,8 5,4,8,2 | 5 18 64 32 | 8 # m=7 sets=[[0,2,5,6],[1,4,5,6],[2,3,4,6],[3,4,5,6]]
GMFAIL 2,5,8,4 2,4,7,10 1,6,4,8 5,4,8,2 | 5 64 18 32 | 8 # m=7 sets=[[0,2,5,6],[1,2,3,6],[1,4,5,6],[3,4,5,6]]
GMFAIL 2,5,8,4 2,4,7,10 1,6,4,8 6,4,8,1 | 5 64 18 32 | 8 # m=7 sets=[[0,2,5,6],[1,2,3,6],[1,4,5,6],[3,4,5,6]]
GMFAIL 2,5,8,4 2,4,7,10 1,6,4,8 7,4,10,2 | 5 64 18 32 | 8 # m=7 sets=[[0,2,5,6],[1,2,3,6],[1,4,5,6],[3,4,5,6]]
GMFAIL 2,5,8,4 2,4,7,10 1,6,4,8 7,6,10,2 | 5 64 18 32 | 8 # m=7 sets=[[0,2,5,6],[1,2,3,6],[1,4,5,6],[3,4,5,6]]
GMFAIL 2,5,8,4 2,5,4,8 4,5,2,8 5,4,8,2 | 5 18 64 32 | 8 # m=7 sets=[[0,2,5,6],[1,4,5,6],[2,3,4,6],[3,4,5,6]]
GMFAIL 2,5,8,4 2,7,4,10 4,5,2,8 5,4,8,2 | 5 18 64 32 | 8 # m=7 sets=[[0,2,5,6],[1,4,5,6],[2,3,4,6],[3,4,5,6]]
GMFAIL 2,5,8,4 2,7,6,10 4,5,2,8 5,4,8,2 | 5 18 64 32 | 8 # m=7 sets=[[0,2,5,6],[1,4,5,6],[2,3,4,6],[3,4,5,6]]
GMFAIL 2,7,10,4 1,6,4,8 4,5,2,8 5,4,8,2 | 5 18 64 32 | 8 # m=7 sets=[[0,2,5,6],[1,4,5,6],[2,3,4,6],[3,4,5,6]]
GMFAIL 2,7,10,4 2,4,7,10 1,6,4,8 5,4,8,2 | 5 64 18 32 | 8 # m=7 sets=[[0,2,5,6],[1,2,3,6],[1,4,5,6],[3,4,5,6]]
GMFAIL 2,7,10,4 2,4,7,10 1,6,4,8 6,4,8,1 | 5 64 18 32 | 8 # m=7 sets=[[0,2,5,6],[1,2,3,6],[1,4,5,6],[3,4,5,6]]
GMFAIL 2,7,10,4 2,4,7,10 1,6,4,8 7,4,10,2 | 5 64 18 32 | 8 # m=7 sets=[[0,2,5,6],[1,2,3,6],[1,4,5,6],[3,4,5,6]]
GMFAIL 2,7,10,4 2,4,7,10 1,6,4,8 7,6,10,2 | 5 64 18 32 | 8 # m=7 sets=[[0,2,5,6],[1,2,3,6],[1,4,5,6],[3,4,5,6]]
GMFAIL 2,7,10,4 2,5,4,8 4,5,2,8 5,4,8,2 | 5 18 64 32 | 8 # m=7 sets=[[0,2,5,6],[1,4,5,6],[2,3,4,6],[3,4,5,6]]
GMFAIL 2,7,10,4 2,7,4,10 4,5,2,8 5,4,8,2 | 5 18 64 32 | 8 # m=7 sets=[[0,2,5,6],[1,4,5,6],[2,3,4,6],[3,4,5,6]]
GMFAIL 2,7,10,4 2,7,6,10 4,5,2,8 5,4,8,2 | 5 18 64 32 | 8 # m=7 sets=[[0,2,5,6],[1,4,5,6],[2,3,4,6],[3,4,5,6]]
GMFAIL 2,7,10,6 1,6,4,8 4,5,2,8 5,4,8,2 | 5 18 64 32 | 8 # m=7 sets=[[0,2,5,6],[1,4,5,6],[2,3,4,6],[3,4,5,6]]
GMFAIL 2,7,10,6 2,4,7,10 1,6,4,8 5,4,8,2 | 5 64 18 32 | 8 # m=7 sets=[[0,2,5,6],[1,2,3,6],[1,4,5,6],[3,4,5,6]]
GMFAIL 2,7,10,6 2,4,7,10 1,6,4,8 6,4,8,1 | 5 64 18 32 | 8 # m=7 sets=[[0,2,5,6],[1,2,3,6],[1,4,5,6],[3,4,5,6]]
GMFAIL 2,7,10,6 2,4,7,10 1,6,4,8 7,4,10,2 | 5 64 18 32 | 8 # m=7 sets=[[0,2,5,6],[1,2,3,6],[1,4,5,6],[3,4,5,6]]
GMFAIL 2,7,10,6 2,4,7,10 1,6,4,8 7,6,10,2 | 5 64 18 32 | 8 # m=7 sets=[[0,2,5,6],[1,2,3,6],[1,4,5,6],[3,4,5,6]]
GMFAIL 2,7,10,6 2,5,4,8 4,5,2,8 5,4,8,2 | 5 18 64 32 | 8 # m=7 sets=[[0,2,5,6],[1,4,5,6],[2,3,4,6],[3,4,5,6]]
GMFAIL 2,7,10,6 2,7,4,10 4,5,2,8 5,4,8,2 | 5 18 64 32 | 8 # m=7 sets=[[0,2,5,6],[1,4,5,6],[2,3,4,6],[3,4,5,6]]
GMFAIL 2,7,10,6 2,7,6,10 4,5,2,8 5,4,8,2 | 5 18 64 32 | 8 # m=7 sets=[[0,2,5,6],[1,4,5,6],[2,3,4,6],[3,4,5,6]]
