GMALL 1,6,4,8 1,6,8,4 3,6,8,4 6,3,4,8 | 5 18 32 64 | 0 # m=7 sets=[[0,2,5,6],[1,4,5,6],[2,3,5,6],[3,4,5,6]]
GMALL 1,6,4,8 1,6,8,4 3,8,10,6 6,3,4,8 | 5 18 32 64 | 0 # m=7 sets=[[0,2,5,6],[1,4,5,6],[2,3,5,6],[3,4,5,6]]
GMALL 1,6,4,8 1,6,8,4 4,5,8,2 6,3,4,8 | 5 18 32 64 | 0 # m=7 sets=[[0,2,5,6],[1,4,5,6],[2,3,5,6],[3,4,5,6]]
GMALL 1,6,4,8 1,6,8,4 4,6,8,1 6,3,4,8 | 5 18 32 64 | 0 # m=7 sets=[[0,2,5,6],[1,4,5,6],[2,3,5,6],[3,4,5,6]]
GMALL 1,6,4,8 1,6,8,4 4,6,8,3 6,3,4,8 | 5 18 32 64 | 0 # m=7 sets=[[0,2,5,6],[1,4,5,6],[2,3,5,6],[3,4,5,6]]
GMALL 1,6,4,8 1,6,8,4 4,7,10,2 6,3,4,8 | 5 18 32 64 | 0 # m=7 sets=[[0,2,5,6],[1,4,5,6],[2,3,5,6],[3,4,5,6]]
GMALL 1,6,4,8 1,6,8,4 6,7,10,2 6,3,4,8 | 5 18 32 64 | 0 # m=7 sets=[[0,2,5,6],[1,4,5,6],[2,3,5,6],[3,4,5,6]]
GMALL 1,6,4,8 1,6,8,4 6,8,10,3 6,3,4,8 | 5 18 32 64 | 0 # m=7 sets=[[0,2,5,6],[1,4,5,6],[2,3,5,6],[3,4,5,6]]
GMALL 2,5,4,8 1,6,8,4 3,6,8,4 6,3,4,8 | 5 18 32 64 | 0 # m=7 sets=[[0,2,5,6],[1,4,5,6],[2,3,5,6],[3,4,5,6]]
GMALL 2,5,4,8 1,6,8,4 3,8,10,6 6,3,4,8 | 5 18 32 64 | 0 # m=7 sets=[[0,2,5,6],[1,4,5,6],[2,3,5,6],[3,4,5,6]]
GMALL 2,5,4,8 1,6,8,4 4,5,8,2 6,3,4,8 | 5 18 32 64 | 0 # m=7 sets=[[0,2,5,6],[1,4,5,6],[2,3,5,6],[3,4,5,6]]
GMALL 2,5,4,8 1,6,8,4 4,6,8,1 6,3,4,8 | 5 18 32 64 | 0 # m=7 sets=[[0,2,5,6],[1,4,5,6],[2,3,5,6],[3,4,5,6]]
GMALL 2,5,4,8 1,6,8,4 4,6,8,3 6,3,4,8 | 5 18 32 64 | 0 # m=7 sets=[[0,2,5,6],[1,4,5,6],[2,3,5,6],[3,4,5,6]]
GMALL 2,5,4,8 1,6,8,4 4,7,10,2 6,3,4,8 | 5 18 32 64 | 0 # m=7 sets=[[0,2,5,6],[1,4,5,6],[2,3,5,6],[3,4,5,6]]
GMALL 2,5,4,8 1,6,8,4 6,7,10,2 6,3,4,8 | 5 18 32 64 | 0 # m=7 sets=[[0,2,5,6],[1,4,5,6],[2,3,5,6],[3,4,5,6]]
GMALL 2,5,4,8 1,6,8,4 6,8,10,3 6,3,4,8 | 5 18 32 64 | 0 # m=7 sets=[[0,2,5,6],[1,4,5,6],[2,3,5,6],[3,4,5,6]]
GMALL 2,7,4,10 1,6,8,4 3,6,8,4 6,3,4,8 | 5 18 32 64 | 0 # m=7 sets=[[0,2,5,6],[1,4,5,6],[2,3,5,6],[3,4,5,6]]
GMALL 2,7,4,10 1,6,8,4 3,8,10,6 6,3,4,8 | 5 18 32 64 | 0 # m=7 sets=[[0,2,5,6],[1,4,5,6],[2,3,5,6],[3,4,5,6]]
GMALL 2,7,4,10 1,6,8,4 4,5,8,2 6,3,4,8 | 5 18 32 64 | 0 # m=7 sets=[[0,2,5,6],[1,4,5,6],[2,3,5,6],[3,4,5,6]]
GMALL 2,7,4,10 1,6,8,4 4,6,8,1 6,3,4,8 | 5 18 32 64 | 0 # m=7 sets=[[0,2,5,6],[1,4,5,6],[2,3,5,6],[3,4,5,6]]
GMALL 2,7,4,10 1,6,8,4 4,6,8,3 6,3,4,8 | 5 18 32 64 | 0 # m=7 sets=[[0,2,5,6],[1,4,5,6],[2,3,5,6],[3,4,5,6]]
GMALL 2,7,4,10 1,6,8,4 4,7,10,2 6,3,4,8 | 5 18 32 64 | 0 # m=7 sets=[[0,2,5,6],[1,4,5,6],[2,3,5,6],[3,4,5,6]]
GMALL 2,7,4,10 1,6,8,4 6,7,10,2 6,3,4,8 | 5 18 32 64 | 0 # m=7 sets=[[0,2,5,6],[1,4,5,6],[2,3,5,6],[3,4,5,6]]
GMALL 2,7,4,10 1,6,8,4 6,8,10,3 6,3,4,8 | 5 18 32 64 | 0 # m=7 sets=[[0,2,5,6],[1,4,5,6],[2,3,5,6],[3,4,5,6]]
GMALL 2,7,6,10 1,6,8,4 3,6,8,4 6,3,4,8 | 5 18 32 64 | 0 # m=7 sets=[[0,2,5,6],[1,4,5,6],[2,3,5,6],[3,4,5,6]]
GMALL 2,7,6,10 1,6,8,4 3,8,10,6 6,3,4,8 | 5 18 32 64 | 0 # m=7 sets=[[0,2,5,6],[1,4,5,6],[2,3,5,6],[3,4,5,6]]
GMALL 2,7,6,10 1,6,8,4 4,5,8,2 6,3,4,8 | 5 18 32 64 | 0 # m=7 sets=[[0,2,5,6],[1,4,5,6],[2,3,5,6],[3,4,5,6]]
GMALL 2,7,6,10 1,6,8,4 4,6,8,1 6,3,4,8 | 5 18 32 64 | 0 # m=7 sets=[[0,2,5,6],[1,4,5,6],[2,3,5,6],[3,4,5,6]]
GMALL 2,7,6,10 1,6,8,4 4,6,8,3 6,3,4,8 | 5 18 32 64 | 0 # m=7 sets=[[0,2,5,6],[1,4,5,6],[2,3,5,6],[3,4,5,6]]
GMALL 2,7,6,10 1,6,8,4 4,7,10,2 6,3,4,8 | 5 18 32 64 | 0 # m=7 sets=[[0,2,5,6],[1,4,5,6],[2,3,5,6],[3,4,5,6]]
GMALL 2,7,6,10 1,6,8,4 6,7,10,2 6,3,4,8 | 5 18 32 64 | 0 # m=7 sets=[[0,2,5,6],[1,4,5,6],[2,3,5,6],[3,4,5,6]]
GMALL 2,7,6,10 1,6,8,4 6,8,10,3 6,3,4,8 | 5 18 32 64 | 0 # m=7 sets=[[0,2,5,6],[1,4,5,6],[2,3,5,6],[3,4,5,6]]
GMALL 3,4,2,8 1,6,8,4 3,6,8,4 6,3,4,8 | 5 18 32 64 | 0 # m=7 sets=[[0,2,5,6],[1,4,5,6],[2,3,5,6],[3,4,5,6]]
GMALL 3,4,2,8 1,6,8,4 3,8,10,6 6,3,4,8 | 5 18 32 64 | 0 # m=7 sets=[[0,2,5,6],[1,4,5,6],[2,3,5,6],[3,4,5,6]]
GMALL 3,4,2,8 1,6,8,4 4,5,8,2 6,3,4,8 | 5 18 32 64 | 0 # m=7 sets=[[0,2,5,6],[1,4,5,6],[2,3,5,6],[3,4,5,6]]
GMALL 3,4,2,8 1,6,8,4 4,6,8,1 6,3,4,8 | 5 18 32 64 | 0 # m=7 sets=[[0,2,5,6],[1,4,5,6],[2,3,5,6],[3,4,5,6]]
GMALL 3,4,2,8 1,6,8,4 4,6,8,3 6,3,4,8 | 5 18 32 64 | 0 # m=7 sets=[[0,2,5,6],[1,4,5,6],[2,3,5,6],[3,4,5,6]]
GMALL 3,4,2,8 1,6,8,4 4,7,10,2 6,3,4,8 | 5 18 32 64 | 0 # m=7 sets=[[0,2,5,6],[1,4,5,6],[2,3,5,6],[3,4,5,6]]
GMALL 3,4,2,8 1,6,8,4 6,7,10,2 6,3,4,8 | 5 18 32 64 | 0 # m=7 sets=[[0,2,5,6],[1,4,5,6],[2,3,5,6],[3,4,5,6]]
GMALL 3,4,2,8 1,6,8,4 6,8,10,3 6,3,4,8 | 5 18 32 64 | 0 # m=7 sets=[[0,2,5,6],[1,4,5,6],[2,3,5,6],[3,4,5,6]]
GMALL 3,6,2,10 1,6,8,4 3,6,8,4 5,4,2,8 | 5 18 32 64 | 0 # m=7 sets=[[0,2,5,6],[1,4,5,6],[2,3,5,6],[3,4,5,6]]
GMALL 3,6,2,10 1,6,8,4 3,6,8,4 6,3,4,8 | 5 18 32 64 | 0 # m=7 sets=[[0,2,5,6],[1,4,5,6],[2,3,5,6],[3,4,5,6]]
GMALL 3,6,2,10 1,6,8,4 3,6,8,4 6,4,1,8 | 5 18 32 64 | 0 # m=7 sets=[[0,2,5,6],[1,4,5,6],[2,3,5,6],[3,4,5,6]]
GMALL 3,6,2,10 1,6,8,4 3,6,8,4 6,4,3,8 | 5 18 32 64 | 0 # m=7 sets=[[0,2,5,6],[1,4,5,6],[2,3,5,6],[3,4,5,6]]
GMALL 3,6,2,10 1,6,8,4 3,6,8,4 7,4,2,10 | 5 18 32 64 | 0 # m=7 sets=[[0,2,5,6],[1,4,5,6],[2,3,5,6],[3,4,5,6]]
GMALL 3,6,2,10 1,6,8,4 3,6,8,4 7,6,2,10 | 5 18 32 64 | 0 # m=7 sets=[[0,2,5,6],[1,4,5,6],[2,3,5,6],[3,4,5,6]]
GMALL 3,6,2,10 1,6,8,4 3,6,8,4 8,3,6,10 | 5 18 32 64 | 0 # m=7 sets=[[0,2,5,6],[1,4,5,6],[2,3,5,6],[3,4,5,6]]
GMALL 3,6,2,10 1,6,8,4 3,6,8,4 8,6,3,10 | 5 18 32 64 | 0 # m=7 sets=[[0,2,5,6],[1,4,5,6],[2,3,5,6],[3,4,5,6]]
GMALL 3,6,2,10 1,6,8,4 3,8,10,6 5,4,2,8 | 5 18 32 64 | 0 # m=7 sets=[[0,2,5,6],[1,4,5,6],[2,3,5,6],[3,4,5,6]]
GMALL 3,6,2,10 1,6,8,4 3,8,10,6 6,3,4,8 | 5 18 32 64 | 0 # m=7 sets=[[0,2,5,6],[1,4,5,6],[2,3,5,6],[3,4,5,6]]
GMALL 3,6,2,10 1,6,8,4 3,8,10,6 6,4,1,8 | 5 18 32 64 | 0 # m=7 sets=[[0,2,5,6],[1,4,5,6],[2,3,5,6],[3,4,5,6]]
GMALL 3,6,2,10 1,6,8,4 3,8,10,6 6,4,3,8 | 5 18 32 64 | 0 # m=7 sets=[[0,2,5,6],[1,4,5,6],[2,3,5,6],[3,4,5,6]]
GMALL 3,6,2,10 1,6,8,4 3,8,10,6 7,4,2,10 | 5 18 32 64 | 0 # m=7 sets=[[0,2,5,6],[1,4,5,6],[2,3,5,6],[3,4,5,6]]
GMALL 3,6,2,10 1,6,8,4 3,8,10,6 7,6,2,10 | 5 18 32 64 | 0 # m=7 sets=[[0,2,5,6],[1,4,5,6],[2,3,5,6],[3,4,5,6]]
GMALL 3,6,2,10 1,6,8,4 3,8,10,6 8,3,6,10 | 5 18 32 64 | 0 # m=7 sets=[[0,2,5,6],[1,4,5,6],[2,3,5,6],[3,4,5,6]]
GMALL 3,6,2,10 1,6,8,4 3,8,10,6 8,6,3,10 | 5 18 32 64 | 0 # m=7 sets=[[0,2,5,6],[1,4,5,6],[2,3,5,6],[3,4,5,6]]
GMALL 3,6,2,10 1,6,8,4 4,5,8,2 5,4,2,8 | 5 18 32 64 | 0 # m=7 sets=[[0,2,5,6],[1,4,5,6],[2,3,5,6],[3,4,5,6]]
GMALL 3,6,2,10 1,6,8,4 4,5,8,2 6,3,4,8 | 5 18 32 64 | 0 # m=7 sets=[[0,2,5,6],[1,4,5,6],[2,3,5,6],[3,4,5,6]]
GMALL 3,6,2,10 1,6,8,4 4,5,8,2 6,4,1,8 | 5 18 32 64 | 0 # m=7 sets=[[0,2,5,6],[1,4,5,6],[2,3,5,6],[3,4,5,6]]
GMALL 3,6,2,10 1,6,8,4 4,5,8,2 6,4,3,8 | 5 18 32 64 | 0 # m=7 sets=[[0,2,5,6],[1,4,5,6],[2,3,5,6],[3,4,5,6]]
GMALL 3,6,2,10 1,6,8,4 4,5,8,2 7,4,2,10 | 5 18 32 64 | 0 # m=7 sets=[[0,2,5,6],[1,4,5,6],[2,3,5,6],[3,4,5,6]]
GMALL 3,6,2,10 1,6,8,4 4,5,8,2 7,6,2,10 | 5 18 32 64 | 0 # m=7 sets=[[0,2,5,6],[1,4,5,6],[2,3,5,6],[3,4,5,6]]
GMALL 3,6,2,10 1,6,8,4 4,5,8,2 8,3,6,10 | 5 18 32 64 | 0 # m=7 sets=[[0,2,5,6],[1,4,5,6],[2,3,5,6],[3,4,5,6]]
GMALL 3,6,2,10 1,6,8,4 4,5,8,2 8,6,3,10 | 5 18 32 64 | 0 # m=7 sets=[[0,2,5,6],[1,4,5,6],[2,3,5,6],[3,4,5,6]]
GMALL 3,6,2,10 1,6,8,4 4,6,8,1 5,4,2,8 | 5 18 32 64 | 0 # m=7 sets=[[0,2,5,6],[1,4,5,6],[2,3,5,6],[3,4,5,6]]
GMALL 3,6,2,10 1,6,8,4 4,6,8,1 6,3,4,8 | 5 18 32 64 | 0 # m=7 sets=[[0,2,5,6],[1,4,5,6],[2,3,5,6],[3,4,5,6]]
GMALL 3,6,2,10 1,6,8,4 4,6,8,1 6,4,1,8 | 5 18 32 64 | 0 # m=7 sets=[[0,2,5,6],[1,4,5,6],[2,3,5,6],[3,4,5,6]]
GMALL 3,6,2,10 1,6,8,4 4,6,8,1 6,4,3,8 | 5 18 32 64 | 0 # m=7 sets=[[0,2,5,6],[1,4,5,6],[2,3,5,6],[3,4,5,6]]
GMALL 3,6,2,10 1,6,8,4 4,6,8,1 7,4,2,10 | 5 18 32 64 | 0 # m=7 sets=[[0,2,5,6],[1,4,5,6],[2,3,5,6],[3,4,5,6]]
GMALL 3,6,2,10 1,6,8,4 4,6,8,1 7,6,2,10 | 5 18 32 64 | 0 # m=7 sets=[[0,2,5,6],[1,4,5,6],[2,3,5,6],[3,4,5,6]]
GMALL 3,6,2,10 1,6,8,4 4,6,8,1 8,3,6,10 | 5 18 32 64 | 0 # m=7 sets=[[0,2,5,6],[1,4,5,6],[2,3,5,6],[3,4,5,6]]
GMALL 3,6,2,10 1,6,8,4 4,6,8,1 8,6,3,10 | 5 18 32 64 | 0 # m=7 sets=[[0,2,5,6],[1,4,5,6],[2,3,5,6],[3,4,5,6]]
GMALL 3,6,2,10 1,6,8,4 4,6,8,3 5,4,2,8 | 5 18 32 64 | 0 # m=7 sets=[[0,2,5,6],[1,4,5,6],[2,3,5,6],[3,4,5,6]]
GMALL 3,6,2,10 1,6,8,4 4,6,8,3 6,3,4,8 | 5 18 32 64 | 0 # m=7 sets=[[0,2,5,6],[1,4,5,6],[2,3,5,6],[3,4,5,6]]
GMALL 3,6,2,10 1,6,8,4 4,6,8,3 6,4,1,8 | 5 18 32 64 | 0 # m=7 sets=[[0,2,5,6],[1,4,5,6],[2,3,5,6],[3,4,5,6]]
GMALL 3,6,2,10 1,6,8,4 4,6,8,3 6,4,3,8 | 5 18 32 64 | 0 # m=7 sets=[[0,2,5,6],[1,4,5,6],[2,3,5,6],[3,4,5,6]]
GMALL 3,6,2,10 1,6,8,4 4,6,8,3 7,4,2,10 | 5 18 32 64 | 0 # m=7 sets=[[0,2,5,6],[1,4,5,6],[2,3,5,6],[3,4,5,6]]
GMALL 3,6,2,10 1,6,8,4 4,6,8,3 7,6,2,10 | 5 18 32 64 | 0 # m=7 sets=[[0,2,5,6],[1,4,5,6],[2,3,5,6],[3,4,5,6]]
GMALL 3,6,2,10 1,6,8,4 4,6,8,3 8,3,6,10 | 5 18 32 64 | 0 # m=7 sets=[[0,2,5,6],[1,4,5,6],[2,3,5,6],[3,4,5,6]]
GMALL 3,6,2,10 1,6,8,4 4,6,8,3 8,6,3,10 | 5 18 32 64 | 0 # m=7 sets=[[0,2,5,6],[1,4,5,6],[2,3,5,6],[3,4,5,6]]
GMALL 3,6,2,10 1,6,8,4 4,7,10,2 5,4,2,8 | 5 18 32 64 | 0 # m=7 sets=[[0,2,5,6],[1,4,5,6],[2,3,5,6],[3,4,5,6]]
GMALL 3,6,2,10 1,6,8,4 4,7,10,2 6,3,4,8 | 5 18 32 64 | 0 # m=7 sets=[[0,2,5,6],[1,4,5,6],[2,3,5,6],[3,4,5,6]]
GMALL 3,6,2,10 1,6,8,4 4,7,10,2 6,4,1,8 | 5 18 32 64 | 0 # m=7 sets=[[0,2,5,6],[1,4,5,6],[2,3,5,6],[3,4,5,6]]
GMALL 3,6,2,10 1,6,8,4 4,7,10,2 6,4,3,8 | 5 18 32 64 | 0 # m=7 sets=[[0,2,5,6],[1,4,5,6],[2,3,5,6],[3,4,5,6]]
GMALL 3,6,2,10 1,6,8,4 4,7,10,2 7,4,2,10 | 5 18 32 64 | 0 # m=7 sets=[[0,2,5,6],[1,4,5,6],[2,3,5,6],[3,4,5,6]]
GMALL 3,6,2,10 1,6,8,4 4,7,10,2 7,6,2,10 | 5 18 32 64 | 0 # m=7 sets=[[0,2,5,6],[1,4,5,6],[2,3,5,6],[3,4,5,6]]
GMALL 3,6,2,10 1,6,8,4 4,7,10,2 8,3,6,10 | 5 18 32 64 | 0 # m=7 sets=[[0,2,5,6],[1,4,5,6],[2,3,5,6],[3,4,5,6]]
GMALL 3,6,2,10 1,6,8,4 4,7,10,2 8,6,3,10 | 5 18 32 64 | 0 # m=7 sets=[[0,2,5,6],[1,4,5,6],[2,3,5,6],[3,4,5,6]]
GMALL 3,6,2,10 1,6,8,4 6,7,10,2 5,4,2,8 | 5 18 32 64 | 0 # m=7 sets=[[0,2,5,6],[1,4,5,6],[2,3,5,6],[3,4,5,6]]
GMALL 3,6,2,10 1,6,8,4 6,7,10,2 6,3,4,8 | 5 18 32 64 | 0 # m=7 sets=[[0,2,5,6],[1,4,5,6],[2,3,5,6],[3,4,5,6]]
GMALL 3,6,2,10 1,6,8,4 6,7,10,2 6,4,1,8 | 5 18 32 64 | 0 # m=7 sets=[[0,2,5,6],[1,4,5,6],[2,3,5,6],[3,4,5,6]]
GMALL 3,6,2,10 1,6,8,4 6,7,10,2 6,4,3,8 | 5 18 32 64 | 0 # m=7 sets=[[0,2,5,6],[1,4,5,6],[2,3,5,6],[3,4,5,6]]
GMALL 3,6,2,10 1,6,8,4 6,7,10,2 7,4,2,10 | 5 18 32 64 | 0 # m=7 sets=[[0,2,5,6],[1,4,5,6],[2,3,5,6],[3,4,5,6]]
GMALL 3,6,2,10 1,6,8,4 6,7,10,2 7,6,2,10 | 5 18 32 64 | 0 # m=7 sets=[[0,2,5,6],[1,4,5,6],[2,3,5,6],[3,4,5,6]]
GMALL 3,6,2,10 1,6,8,4 6,7,10,2 8,3,6,10 | 5 18 32 64 | 0 # m=7 sets=[[0,2,5,6],[1,4,5,6],[2,3,5,6],[3,4,5,6]]
GMALL 3,6,2,10 1,6,8,4 6,7,10,2 8,6,3,10 | 5 18 32 64 | 0 # m=7 sets=[[0,2,5,6],[1,4,5,6],[2,3,5,6],[3,4,5,6]]
GMALL 3,6,2,10 1,6,8,4 6,8,10,3 5,4,2,8 | 5 18 32 64 | 0 # m=7 sets=[[0,2,5,6],[1,4,5,6],[2,3,5,6],[3,4,5,6]]
GMALL 3,6,2,10 1,6,8,4 6,8,10,3 6,3,4,8 | 5 18 32 64 | 0 # m=7 sets=[[0,2,5,6],[1,4,5,6],[2,3,5,6],[3,4,5,6]]
GMALL 3,6,2,10 1,6,8,4 6,8,10,3 6,4,1,8 | 5 18 32 64 | 0 # m=7 sets=[[0,2,5,6],[1,4,5,6],[2,3,5,6],[3,4,5,6]]
GMALL 3,6,2,10 1,6,8,4 6,8,10,3 6,4,3,8 | 5 18 32 64 | 0 # m=7 sets=[[0,2,5,6],[1,4,5,6],[2,3,5,6],[3,4,5,6]]
GMALL 3,6,2,10 1,6,8,4 6,8,10,3 7,4,2,10 | 5 18 32 64 | 0 # m=7 sets=[[0,2,5,6],[1,4,5,6],[2,3,5,6],[3,4,5,6]]
GMALL 3,6,2,10 1,6,8,4 6,8,10,3 7,6,2,10 | 5 18 32 64 | 0 # m=7 sets=[[0,2,5,6],[1,4,5,6],[2,3,5,6],[3,4,5,6]]
GMALL 3,6,2,10 1,6,8,4 6,8,10,3 8,3,6,10 | 5 18 32 64 | 0 # m=7 sets=[[0,2,5,6],[1,4,5,6],[2,3,5,6],[3,4,5,6]]
GMALL 3,6,2,10 1,6,8,4 6,8,10,3 8,6,3,10 | 5 18 32 64 | 0 # m=7 sets=[[0,2,5,6],[1,4,5,6],[2,3,5,6],[3,4,5,6]]
GMALL 3,6,2,10 2,4,8,3 4,5,8,2 6,3,4,8 | 5 18 32 64 | 0 # m=7 sets=[[0,2,5,6],[1,4,5,6],[2,3,5,6],[3,4,5,6]]
GMALL 3,6,2,10 2,4,8,3 6,7,10,2 6,3,4,8 | 5 18 32 64 | 0 # m=7 sets=[[0,2,5,6],[1,4,5,6],[2,3,5,6],[3,4,5,6]]
GMALL 3,6,2,10 2,5,8,4 3,6,8,4 6,3,4,8 | 5 18 32 64 | 0 # m=7 sets=[[0,2,5,6],[1,4,5,6],[2,3,5,6],[3,4,5,6]]
GMALL 3,6,2,10 2,5,8,4 3,8,10,6 6,3,4,8 | 5 18 32 64 | 0 # m=7 sets=[[0,2,5,6],[1,4,5,6],[2,3,5,6],[3,4,5,6]]
GMALL 3,6,2,10 2,5,8,4 4,5,8,2 6,3,4,8 | 5 18 32 64 | 0 # m=7 sets=[[0,2,5,6],[1,4,5,6],[2,3,5,6],[3,4,5,6]]
GMALL 3,6,2,10 2,5,8,4 4,6,8,1 6,3,4,8 | 5 18 32 64 | 0 # m=7 sets=[[0,2,5,6],[1,4,5,6],[2,3,5,6],[3,4,5,6]]
GMALL 3,6,2,10 2,5,8,4 4,6,8,3 6,3,4,8 | 5 18 32 64 | 0 # m=7 sets=[[0,2,5,6],[1,4,5,6],[2,3,5,6],[3,4,5,6]]
GMALL 3,6,2,10 2,5,8,4 4,7,10,2 6,3,4,8 | 5 18 32 64 | 0 # m=7 sets=[[0,2,5,6],[1,4,5,6],[2,3,5,6],[3,4,5,6]]
GMALL 3,6,2,10 2,5,8,4 6,7,10,2 6,3,4,8 | 5 18 32 64 | 0 # m=7 sets=[[0,2,5,6],[1,4,5,6],[2,3,5,6],[3,4,5,6]]
GMALL 3,6,2,10 2,5,8,4 6,8,10,3 6,3,4,8 | 5 18 32 64 | 0 # m=7 sets=[[0,2,5,6],[1,4,5,6],[2,3,5,6],[3,4,5,6]]
GMALL 3,6,2,10 2,6,10,3 4,5,8,2 6,3,4,8 | 5 18 32 64 | 0 # m=7 sets=[[0,2,5,6],[1,4,5,6],[2,3,5,6],[3,4,5,6]]
GMALL 3,6,2,10 2,6,10,3 6,7,10,2 6,3,4,8 | 5 18 32 64 | 0 # m=7 sets=[[0,2,5,6],[1,4,5,6],[2,3,5,6],[3,4,5,6]]
GMALL 3,6,2,10 2,7,10,4 3,6,8,4 6,3,4,8 | 5 18 32 64 | 0 # m=7 sets=[[0,2,5,6],[1,4,5,6],[2,3,5,6],[3,4,5,6]]
GMALL 3,6,2,10 2,7,10,4 3,8,10,6 6,3,4,8 | 5 18 32 64 | 0 # m=7 sets=[[0,2,5,6],[1,4,5,6],[2,3,5,6],[3,4,5,6]]
GMALL 3,6,2,10 2,7,10,4 4,5,8,2 6,3,4,8 | 5 18 32 64 | 0 # m=7 sets=[[0,2,5,6],[1,4,5,6],[2,3,5,6],[3,4,5,6]]
GMALL 3,6,2,10 2,7,10,4 4,6,8,1 6,3,4,8 | 5 18 32 64 | 0 # m=7 sets=[[0,2,5,6],[1,4,5,6],[2,3,5,6],[3,4,5,6]]
GMALL 3,6,2,10 2,7,10,4 4,6,8,3 6,3,4,8 | 5 18 32 64 | 0 # m=7 sets=[[0,2,5,6],[1,4,5,6],[2,3,5,6],[3,4,5,6]]
GMALL 3,6,2,10 2,7,10,4 4,7,10,2 6,3,4,8 | 5 18 32 64 | 0 # m=7 sets=[[0,2,5,6],[1,4,5,6],[2,3,5,6],[3,4,5,6]]
GMALL 3,6,2,10 2,7,10,4 6,7,10,2 6,3,4,8 | 5 18 32 64 | 0 # m=7 sets=[[0,2,5,6],[1,4,5,6],[2,3,5,6],[3,4,5,6]]
GMALL 3,6,2,10 2,7,10,4 6,8,10,3 6,3,4,8 | 5 18 32 64 | 0 # m=7 sets=[[0,2,5,6],[1,4,5,6],[2,3,5,6],[3,4,5,6]]
GMALL 3,6,2,10 2,7,10,6 3,6,8,4 6,3,4,8 | 5 18 32 64 | 0 # m=7 sets=[[0,2,5,6],[1,4,5,6],[2,3,5,6],[3,4,5,6]]
GMALL 3,6,2,10 2,7,10,6 3,8,10,6 6,3,4,8 | 5 18 32 64 | 0 # m=7 sets=[[0,2,5,6],[1,4,5,6],[2,3,5,6],[3,4,5,6]]
GMALL 3,6,2,10 2,7,10,6 4,5,8,2 6,3,4,8 | 5 18 32 64 | 0 # m=7 sets=[[0,2,5,6],[1,4,5,6],[2,3,5,6],[3,4,5,6]]
GMALL 3,6,2,10 2,7,10,6 4,6,8,1 6,3,4,8 | 5 18 32 64 | 0 # m=7 sets=[[0,2,5,6],[1,4,5,6],[2,3,5,6],[3,4,5,6]]
GMALL 3,6,2,10 2,7,10,6 4,6,8,3 6,3,4,8 | 5 18 32 64 | 0 # m=7 sets=[[0,2,5,6],[1,4,5,6],[2,3,5,6],[3,4,5,6]]
GMALL 3,6,2,10 2,7,10,6 4,7,10,2 6,3,4,8 | 5 18 32 64 | 0 # m=7 sets=[[0,2,5,6],[1,4,5,6],[2,3,5,6],[3,4,5,6]]
GMALL 3,6,2,10 2,7,10,6 6,7,10,2 6,3,4,8 | 5 18 32 64 | 0 # m=7 sets=[[0,2,5,6],[1,4,5,6],[2,3,5,6],[3,4,5,6]]
GMALL 3,6,2,10 2,7,10,6 6,8,10,3 6,3,4,8 | 5 18 32 64 | 0 # m=7 sets=[[0,2,5,6],[1,4,5,6],[2,3,5,6],[3,4,5,6]]
GMALL 3,6,2,10 3,4,8,2 3,6,8,4 6,3,4,8 | 5 18 32 64 | 0 # m=7 sets=[[0,2,5,6],[1,4,5,6],[2,3,5,6],[3,4,5,6]]
GMALL 3,6,2,10 3,4,8,2 3,8,10,6 6,3,4,8 | 5 18 32 64 | 0 # m=7 sets=[[0,2,5,6],[1,4,5,6],[2,3,5,6],[3,4,5,6]]
GMALL 3,6,2,10 3,4,8,2 4,5,8,2 6,3,4,8 | 5 18 32 64 | 0 # m=7 sets=[[0,2,5,6],[1,4,5,6],[2,3,5,6],[3,4,5,6]]
GMALL 3,6,2,10 3,4,8,2 4,6,8,1 6,3,4,8 | 5 18 32 64 | 0 # m=7 sets=[[0,2,5,6],[1,4,5,6],[2,3,5,6],[3,4,5,6]]
GMALL 3,6,2,10 3,4,8,2 4,6,8,3 6,3,4,8 | 5 18 32 64 | 0 # m=7 sets=[[0,2,5,6],[1,4,5,6],[2,3,5,6],[3,4,5,6]]
GMALL 3,6,2,10 3,4,8,2 4,7,10,2 6,3,4,8 | 5 18 32 64 | 0 # m=7 sets=[[0,2,5,6],[1,4,5,6],[2,3,5,6],[3,4,5,6]]
GMALL 3,6,2,10 3,4,8,2 6,7,10,2 6,3,4,8 | 5 18 32 64 | 0 # m=7 sets=[[0,2,5,6],[1,4,5,6],[2,3,5,6],[3,4,5,6]]
GMALL 3,6,2,10 3,4,8,2 6,8,10,3 6,3,4,8 | 5 18 32 64 | 0 # m=7 sets=[[0,2,5,6],[1,4,5,6],[2,3,5,6],[3,4,5,6]]
GMALL 3,6,2,10 3,6,10,2 3,6,8,4 6,3,4,8 | 5 18 32 64 | 0 # m=7 sets=[[0,2,5,6],[1,4,5,6],[2,3,5,6],[3,4,5,6]]
GMALL 3,6,2,10 3,6,10,2 3,8,10,6 6,3,4,8 | 5 18 32 64 | 0 # m=7 sets=[[0,2,5,6],[1,4,5,6],[2,3,5,6],[3,4,5,6]]
GMALL 3,6,2,10 3,6,10,2 4,5,8,2 6,3,4,8 | 5 18 32 64 | 0 # m=7 sets=[[0,2,5,6],[1,4,5,6],[2,3,5,6],[3,4,5,6]]
GMALL 3,6,2,10 3,6,10,2 4,6,8,1 6,3,4,8 | 5 18 32 64 | 0 # m=7 sets=[[0,2,5,6],[1,4,5,6],[2,3,5,6],[3,4,5,6]]
GMALL 3,6,2,10 3,6,10,2 4,6,8,3 6,3,4,8 | 5 18 32 64 | 0 # m=7 sets=[[0,2,5,6],[1,4,5,6],[2,3,5,6],[3,4,5,6]]
GMALL 3,6,2,10 3,6,10,2 4,7,10,2 6,3,4,8 | 5 18 32 64 | 0 # m=7 sets=[[0,2,5,6],[1,4,5,6],[2,3,5,6],[3,4,5,6]]
GMALL 3,6,2,10 3,6,10,2 6,7,10,2 6,3,4,8 | 5 18 32 64 | 0 # m=7 sets=[[0,2,5,6],[1,4,5,6],[2,3,5,6],[3,4,5,6]]
GMALL 3,6,2,10 3,6,10,2 6,8,10,3 6,3,4,8 | 5 18 32 64 | 0 # m=7 sets=[[0,2,5,6],[1,4,5,6],[2,3,5,6],[3,4,5,6]]
